1.676464380669837606e-01 5.828723744763399939e-01
1.676464380669837606e-01 5.828757929486819700e-01
1.676464380669837606e-01 5.828792114210240571e-01
1.676464380669837606e-01 5.828826298933660333e-01
1.676498474135253991e-01 5.828860483657080094e-01
1.676498474135253991e-01 5.828894668380499855e-01
1.676498474135253991e-01 5.828928853103919616e-01
1.676532567600670098e-01 5.828963037827340488e-01
1.676566661066086206e-01 5.828997222550760249e-01
1.676600754531502591e-01 5.828997222550760249e-01
1.676566661066086206e-01 5.828997222550760249e-01
1.676532567600670098e-01 5.828963037827340488e-01
1.676498474135253991e-01 5.828963037827340488e-01
1.676464380669837606e-01 5.828963037827340488e-01
1.676430287204421499e-01 5.828963037827340488e-01
1.676396193739005391e-01 5.828963037827340488e-01
1.676362100273589284e-01 5.828997222550760249e-01
1.676362100273589284e-01 5.829031407274180010e-01
1.676328006808172899e-01 5.829065591997599771e-01
1.676328006808172899e-01 5.829099776721020643e-01
1.676328006808172899e-01 5.829133961444440404e-01
1.676293913342756792e-01 5.829168146167860165e-01
1.676259819877340684e-01 5.829168146167860165e-01
1.676225726411924299e-01 5.829202330891279926e-01
1.676191632946508192e-01 5.829236515614699687e-01
1.676157539481092085e-01 5.829236515614699687e-01
1.676123446015675700e-01 5.829270700338120559e-01
1.676089352550259592e-01 5.829270700338120559e-01
1.676055259084843485e-01 5.829304885061540320e-01
1.676021165619427100e-01 5.829304885061540320e-01
1.675987072154010993e-01 5.829304885061540320e-01
1.675952978688594885e-01 5.829304885061540320e-01
1.675918885223178778e-01 5.829304885061540320e-01
1.675918885223178778e-01 5.829270700338120559e-01
1.675884791757762393e-01 5.829236515614699687e-01
1.675850698292346286e-01 5.829202330891279926e-01
1.675816604826930178e-01 5.829202330891279926e-01
1.675782511361513794e-01 5.829202330891279926e-01
1.675748417896097686e-01 5.829236515614699687e-01
1.675714324430681579e-01 5.829236515614699687e-01
1.675680230965265194e-01 5.829270700338120559e-01
1.675680230965265194e-01 5.829304885061540320e-01
1.675646137499849087e-01 5.829339069784960081e-01
1.675612044034432979e-01 5.829373254508379842e-01
1.675612044034432979e-01 5.829407439231799604e-01
1.675577950569016872e-01 5.829407439231799604e-01
1.675543857103600487e-01 5.829441623955220475e-01
1.675509763638184380e-01 5.829475808678640236e-01
1.675475670172768272e-01 5.829475808678640236e-01
1.675441576707351887e-01 5.829509993402059997e-01
1.675407483241935780e-01 5.829509993402059997e-01
1.675373389776519673e-01 5.829509993402059997e-01
1.675339296311103288e-01 5.829509993402059997e-01
1.675305202845687180e-01 5.829475808678640236e-01
1.675271109380271073e-01 5.829475808678640236e-01
1.675237015914854688e-01 5.829509993402059997e-01
1.675202922449438581e-01 5.829544178125479759e-01
1.675202922449438581e-01 5.829578362848900630e-01
1.675168828984022473e-01 5.829612547572320391e-01
1.675134735518606366e-01 5.829646732295740152e-01
1.675134735518606366e-01 5.829680917019159914e-01
1.675100642053189981e-01 5.829715101742579675e-01
1.675066548587773874e-01 5.829749286466000546e-01
1.675032455122357766e-01 5.829783471189420307e-01
1.674998361656941381e-01 5.829783471189420307e-01
1.674964268191525274e-01 5.829783471189420307e-01
1.674930174726109167e-01 5.829817655912840069e-01
1.674896081260692782e-01 5.829817655912840069e-01
1.674861987795276674e-01 5.829851840636259830e-01
1.674827894329860567e-01 5.829886025359679591e-01
1.674827894329860567e-01 5.829920210083100462e-01
1.674793800864444182e-01 5.829954394806520224e-01
1.674759707399028075e-01 5.829988579529939985e-01
1.674759707399028075e-01 5.830022764253359746e-01
1.674725613933611967e-01 5.830056948976780617e-01
1.674691520468195860e-01 5.830056948976780617e-01
1.674657427002779475e-01 5.830091133700200379e-01
1.674623333537363368e-01 5.830091133700200379e-01
1.674589240071947260e-01 5.830125318423620140e-01
1.674589240071947260e-01 5.830159503147039901e-01
1.674589240071947260e-01 5.830193687870459662e-01
1.674589240071947260e-01 5.830227872593880534e-01
1.674555146606530875e-01 5.830262057317300295e-01
1.674555146606530875e-01 5.830296242040720056e-01
1.674521053141114768e-01 5.830330426764139817e-01
1.674521053141114768e-01 5.830364611487559579e-01
1.674486959675698661e-01 5.830398796210980450e-01
1.674486959675698661e-01 5.830432980934400211e-01
1.674521053141114768e-01 5.830467165657819972e-01
1.674555146606530875e-01 5.830467165657819972e-01
1.674589240071947260e-01 5.830467165657819972e-01
1.674623333537363368e-01 5.830432980934400211e-01
1.674657427002779475e-01 5.830398796210980450e-01
1.674691520468195860e-01 5.830364611487559579e-01
1.674725613933611967e-01 5.830330426764139817e-01
1.674759707399028075e-01 5.830296242040720056e-01
1.674793800864444182e-01 5.830296242040720056e-01
1.674827894329860567e-01 5.830296242040720056e-01
1.674861987795276674e-01 5.830296242040720056e-01
1.674896081260692782e-01 5.830296242040720056e-01
1.674930174726109167e-01 5.830262057317300295e-01
1.674930174726109167e-01 5.830227872593880534e-01
1.674964268191525274e-01 5.830193687870459662e-01
1.674964268191525274e-01 5.830159503147039901e-01
1.674998361656941381e-01 5.830125318423620140e-01
1.675032455122357766e-01 5.830125318423620140e-01
1.675066548587773874e-01 5.830159503147039901e-01
1.675100642053189981e-01 5.830159503147039901e-01
1.675134735518606366e-01 5.830193687870459662e-01
1.675168828984022473e-01 5.830193687870459662e-01
1.675202922449438581e-01 5.830193687870459662e-01
1.675237015914854688e-01 5.830193687870459662e-01
1.675271109380271073e-01 5.830159503147039901e-01
1.675271109380271073e-01 5.830125318423620140e-01
1.675271109380271073e-01 5.830091133700200379e-01
1.675237015914854688e-01 5.830056948976780617e-01
1.675271109380271073e-01 5.830022764253359746e-01
1.675271109380271073e-01 5.829988579529939985e-01
1.675305202845687180e-01 5.829988579529939985e-01
1.675339296311103288e-01 5.829988579529939985e-01
1.675373389776519673e-01 5.829988579529939985e-01
1.675407483241935780e-01 5.830022764253359746e-01
1.675441576707351887e-01 5.830056948976780617e-01
1.675475670172768272e-01 5.830091133700200379e-01
1.675509763638184380e-01 5.830125318423620140e-01
1.675543857103600487e-01 5.830125318423620140e-01
1.675577950569016872e-01 5.830125318423620140e-01
1.675612044034432979e-01 5.830125318423620140e-01
1.675646137499849087e-01 5.830125318423620140e-01
1.675680230965265194e-01 5.830091133700200379e-01
1.675714324430681579e-01 5.830056948976780617e-01
1.675748417896097686e-01 5.830022764253359746e-01
1.675714324430681579e-01 5.829988579529939985e-01
1.675714324430681579e-01 5.829954394806520224e-01
1.675714324430681579e-01 5.829920210083100462e-01
1.675748417896097686e-01 5.829886025359679591e-01
1.675782511361513794e-01 5.829886025359679591e-01
1.675816604826930178e-01 5.829886025359679591e-01
1.675850698292346286e-01 5.829920210083100462e-01
1.675850698292346286e-01 5.829954394806520224e-01
1.675850698292346286e-01 5.829988579529939985e-01
1.675850698292346286e-01 5.830022764253359746e-01
1.675884791757762393e-01 5.830056948976780617e-01
1.675918885223178778e-01 5.830091133700200379e-01
1.675952978688594885e-01 5.830125318423620140e-01
1.675987072154010993e-01 5.830125318423620140e-01
1.676021165619427100e-01 5.830091133700200379e-01
1.676055259084843485e-01 5.830091133700200379e-01
1.676089352550259592e-01 5.830091133700200379e-01
1.676123446015675700e-01 5.830125318423620140e-01
1.676157539481092085e-01 5.830125318423620140e-01
1.676191632946508192e-01 5.830125318423620140e-01
1.676225726411924299e-01 5.830091133700200379e-01
1.676259819877340684e-01 5.830091133700200379e-01
1.676293913342756792e-01 5.830056948976780617e-01
1.676328006808172899e-01 5.830022764253359746e-01
1.676328006808172899e-01 5.829988579529939985e-01
1.676328006808172899e-01 5.829954394806520224e-01
1.676293913342756792e-01 5.829920210083100462e-01
1.676293913342756792e-01 5.829886025359679591e-01
1.676293913342756792e-01 5.829851840636259830e-01
1.676328006808172899e-01 5.829817655912840069e-01
1.676362100273589284e-01 5.829817655912840069e-01
1.676396193739005391e-01 5.829851840636259830e-01
1.676430287204421499e-01 5.829886025359679591e-01
1.676430287204421499e-01 5.829920210083100462e-01
1.676396193739005391e-01 5.829954394806520224e-01
1.676396193739005391e-01 5.829988579529939985e-01
1.676362100273589284e-01 5.830022764253359746e-01
1.676362100273589284e-01 5.830056948976780617e-01
1.676362100273589284e-01 5.830091133700200379e-01
1.676362100273589284e-01 5.830125318423620140e-01
1.676396193739005391e-01 5.830159503147039901e-01
1.676430287204421499e-01 5.830159503147039901e-01
1.676464380669837606e-01 5.830159503147039901e-01
1.676498474135253991e-01 5.830159503147039901e-01
1.676532567600670098e-01 5.830159503147039901e-01
1.676566661066086206e-01 5.830159503147039901e-01
1.676600754531502591e-01 5.830159503147039901e-01
1.676634847996918698e-01 5.830193687870459662e-01
1.676668941462334805e-01 5.830193687870459662e-01
1.676703034927751190e-01 5.830193687870459662e-01
1.676737128393167298e-01 5.830193687870459662e-01
1.676771221858583405e-01 5.830193687870459662e-01
1.676805315323999790e-01 5.830227872593880534e-01
1.676839408789415897e-01 5.830227872593880534e-01
1.676873502254832005e-01 5.830227872593880534e-01
1.676907595720248112e-01 5.830193687870459662e-01
1.676907595720248112e-01 5.830227872593880534e-01
1.676907595720248112e-01 5.830262057317300295e-01
1.676907595720248112e-01 5.830296242040720056e-01
1.676907595720248112e-01 5.830330426764139817e-01
1.676873502254832005e-01 5.830364611487559579e-01
1.676839408789415897e-01 5.830364611487559579e-01
1.676805315323999790e-01 5.830364611487559579e-01
1.676771221858583405e-01 5.830364611487559579e-01
1.676737128393167298e-01 5.830398796210980450e-01
1.676703034927751190e-01 5.830398796210980450e-01
1.676668941462334805e-01 5.830398796210980450e-01
1.676634847996918698e-01 5.830398796210980450e-01
1.676600754531502591e-01 5.830398796210980450e-01
1.676566661066086206e-01 5.830398796210980450e-01
1.676532567600670098e-01 5.830398796210980450e-01
1.676498474135253991e-01 5.830398796210980450e-01
1.676464380669837606e-01 5.830398796210980450e-01
1.676430287204421499e-01 5.830364611487559579e-01
1.676396193739005391e-01 5.830364611487559579e-01
1.676396193739005391e-01 5.830330426764139817e-01
1.676362100273589284e-01 5.830296242040720056e-01
1.676362100273589284e-01 5.830262057317300295e-01
1.676328006808172899e-01 5.830227872593880534e-01
1.676293913342756792e-01 5.830227872593880534e-01
1.676259819877340684e-01 5.830227872593880534e-01
1.676225726411924299e-01 5.830262057317300295e-01
1.676191632946508192e-01 5.830262057317300295e-01
1.676157539481092085e-01 5.830296242040720056e-01
1.676123446015675700e-01 5.830296242040720056e-01
1.676089352550259592e-01 5.830296242040720056e-01
1.676055259084843485e-01 5.830330426764139817e-01
1.676021165619427100e-01 5.830330426764139817e-01
1.675987072154010993e-01 5.830330426764139817e-01
1.675952978688594885e-01 5.830330426764139817e-01
1.675918885223178778e-01 5.830330426764139817e-01
1.675884791757762393e-01 5.830330426764139817e-01
1.675850698292346286e-01 5.830330426764139817e-01
1.675850698292346286e-01 5.830296242040720056e-01
1.675816604826930178e-01 5.830262057317300295e-01
1.675782511361513794e-01 5.830262057317300295e-01
1.675748417896097686e-01 5.830262057317300295e-01
1.675714324430681579e-01 5.830262057317300295e-01
1.675680230965265194e-01 5.830296242040720056e-01
1.675646137499849087e-01 5.830296242040720056e-01
1.675612044034432979e-01 5.830330426764139817e-01
1.675577950569016872e-01 5.830330426764139817e-01
1.675543857103600487e-01 5.830330426764139817e-01
1.675509763638184380e-01 5.830364611487559579e-01
1.675475670172768272e-01 5.830330426764139817e-01
1.675441576707351887e-01 5.830330426764139817e-01
1.675407483241935780e-01 5.830330426764139817e-01
1.675373389776519673e-01 5.830330426764139817e-01
1.675339296311103288e-01 5.830364611487559579e-01
1.675305202845687180e-01 5.830364611487559579e-01
1.675271109380271073e-01 5.830398796210980450e-01
1.675237015914854688e-01 5.830432980934400211e-01
1.675202922449438581e-01 5.830432980934400211e-01
1.675168828984022473e-01 5.830467165657819972e-01
1.675134735518606366e-01 5.830467165657819972e-01
1.675100642053189981e-01 5.830467165657819972e-01
1.675066548587773874e-01 5.830501350381239734e-01
1.675032455122357766e-01 5.830535535104660605e-01
1.675066548587773874e-01 5.830569719828080366e-01
1.675100642053189981e-01 5.830603904551500127e-01
1.675134735518606366e-01 5.830603904551500127e-01
1.675168828984022473e-01 5.830638089274919889e-01
1.675202922449438581e-01 5.830638089274919889e-01
1.675237015914854688e-01 5.830638089274919889e-01
1.675271109380271073e-01 5.830638089274919889e-01
1.675305202845687180e-01 5.830603904551500127e-01
1.675339296311103288e-01 5.830603904551500127e-01
1.675373389776519673e-01 5.830603904551500127e-01
1.675407483241935780e-01 5.830603904551500127e-01
1.675441576707351887e-01 5.830638089274919889e-01
1.675475670172768272e-01 5.830672273998339650e-01
1.675509763638184380e-01 5.830672273998339650e-01
1.675543857103600487e-01 5.830672273998339650e-01
1.675577950569016872e-01 5.830638089274919889e-01
1.675612044034432979e-01 5.830638089274919889e-01
1.675646137499849087e-01 5.830638089274919889e-01
1.675680230965265194e-01 5.830638089274919889e-01
1.675714324430681579e-01 5.830672273998339650e-01
1.675714324430681579e-01 5.830706458721760521e-01
1.675748417896097686e-01 5.830740643445180282e-01
1.675748417896097686e-01 5.830774828168600044e-01
1.675782511361513794e-01 5.830809012892019805e-01
1.675816604826930178e-01 5.830809012892019805e-01
1.675850698292346286e-01 5.830809012892019805e-01
1.675884791757762393e-01 5.830809012892019805e-01
1.675918885223178778e-01 5.830809012892019805e-01
1.675952978688594885e-01 5.830774828168600044e-01
1.675952978688594885e-01 5.830740643445180282e-01
1.675987072154010993e-01 5.830706458721760521e-01
1.676021165619427100e-01 5.830706458721760521e-01
1.676055259084843485e-01 5.830706458721760521e-01
1.676089352550259592e-01 5.830740643445180282e-01
1.676089352550259592e-01 5.830774828168600044e-01
1.676089352550259592e-01 5.830809012892019805e-01
1.676055259084843485e-01 5.830843197615439566e-01
1.676055259084843485e-01 5.830877382338860437e-01
1.676055259084843485e-01 5.830911567062280199e-01
1.676089352550259592e-01 5.830945751785699960e-01
1.676123446015675700e-01 5.830979936509119721e-01
1.676157539481092085e-01 5.830979936509119721e-01
1.676191632946508192e-01 5.831014121232540592e-01
1.676225726411924299e-01 5.831014121232540592e-01
1.676259819877340684e-01 5.831048305955960354e-01
1.676293913342756792e-01 5.831048305955960354e-01
1.676328006808172899e-01 5.831048305955960354e-01
1.676362100273589284e-01 5.831014121232540592e-01
1.676362100273589284e-01 5.830979936509119721e-01
1.676362100273589284e-01 5.830945751785699960e-01
1.676362100273589284e-01 5.830911567062280199e-01
1.676362100273589284e-01 5.830877382338860437e-01
1.676396193739005391e-01 5.830877382338860437e-01
1.676430287204421499e-01 5.830877382338860437e-01
1.676464380669837606e-01 5.830911567062280199e-01
1.676464380669837606e-01 5.830945751785699960e-01
1.676498474135253991e-01 5.830979936509119721e-01
1.676464380669837606e-01 5.831014121232540592e-01
1.676430287204421499e-01 5.831048305955960354e-01
1.676396193739005391e-01 5.831082490679380115e-01
1.676396193739005391e-01 5.831116675402799876e-01
1.676430287204421499e-01 5.831150860126219637e-01
1.676464380669837606e-01 5.831185044849640509e-01
1.676498474135253991e-01 5.831219229573060270e-01
1.676532567600670098e-01 5.831253414296480031e-01
1.676566661066086206e-01 5.831253414296480031e-01
1.676600754531502591e-01 5.831287599019899792e-01
1.676634847996918698e-01 5.831321783743319553e-01
1.676668941462334805e-01 5.831321783743319553e-01
1.676703034927751190e-01 5.831321783743319553e-01
1.676737128393167298e-01 5.831355968466740425e-01
1.676771221858583405e-01 5.831355968466740425e-01
1.676805315323999790e-01 5.831355968466740425e-01
1.676839408789415897e-01 5.831321783743319553e-01
1.676839408789415897e-01 5.831287599019899792e-01
1.676839408789415897e-01 5.831253414296480031e-01
1.676839408789415897e-01 5.831219229573060270e-01
1.676873502254832005e-01 5.831219229573060270e-01
1.676907595720248112e-01 5.831185044849640509e-01
1.676941689185664497e-01 5.831219229573060270e-01
1.676941689185664497e-01 5.831253414296480031e-01
1.676941689185664497e-01 5.831287599019899792e-01
1.676907595720248112e-01 5.831287599019899792e-01
1.676873502254832005e-01 5.831321783743319553e-01
1.676839408789415897e-01 5.831321783743319553e-01
1.676805315323999790e-01 5.831355968466740425e-01
1.676771221858583405e-01 5.831390153190160186e-01
1.676771221858583405e-01 5.831424337913579947e-01
1.676771221858583405e-01 5.831458522636999708e-01
1.676771221858583405e-01 5.831492707360420580e-01
1.676805315323999790e-01 5.831526892083840341e-01
1.676839408789415897e-01 5.831561076807260102e-01
1.676873502254832005e-01 5.831595261530679863e-01
1.676907595720248112e-01 5.831629446254099625e-01
1.676941689185664497e-01 5.831629446254099625e-01
1.676975782651080604e-01 5.831663630977520496e-01
1.676975782651080604e-01 5.831697815700940257e-01
1.677009876116496712e-01 5.831732000424360018e-01
1.677009876116496712e-01 5.831766185147779780e-01
1.677009876116496712e-01 5.831800369871199541e-01
1.677009876116496712e-01 5.831834554594620412e-01
1.676975782651080604e-01 5.831834554594620412e-01
1.676941689185664497e-01 5.831834554594620412e-01
1.676907595720248112e-01 5.831834554594620412e-01
1.676873502254832005e-01 5.831834554594620412e-01
1.676839408789415897e-01 5.831800369871199541e-01
1.676805315323999790e-01 5.831800369871199541e-01
1.676771221858583405e-01 5.831766185147779780e-01
1.676737128393167298e-01 5.831766185147779780e-01
1.676703034927751190e-01 5.831732000424360018e-01
1.676703034927751190e-01 5.831697815700940257e-01
1.676668941462334805e-01 5.831663630977520496e-01
1.676668941462334805e-01 5.831629446254099625e-01
1.676668941462334805e-01 5.831595261530679863e-01
1.676668941462334805e-01 5.831561076807260102e-01
1.676668941462334805e-01 5.831526892083840341e-01
1.676634847996918698e-01 5.831492707360420580e-01
1.676600754531502591e-01 5.831458522636999708e-01
1.676566661066086206e-01 5.831424337913579947e-01
1.676532567600670098e-01 5.831424337913579947e-01
1.676498474135253991e-01 5.831424337913579947e-01
1.676464380669837606e-01 5.831390153190160186e-01
1.676430287204421499e-01 5.831390153190160186e-01
1.676396193739005391e-01 5.831390153190160186e-01
1.676362100273589284e-01 5.831355968466740425e-01
1.676328006808172899e-01 5.831321783743319553e-01
1.676293913342756792e-01 5.831287599019899792e-01
1.676293913342756792e-01 5.831253414296480031e-01
1.676293913342756792e-01 5.831219229573060270e-01
1.676259819877340684e-01 5.831185044849640509e-01
1.676225726411924299e-01 5.831150860126219637e-01
1.676191632946508192e-01 5.831150860126219637e-01
1.676157539481092085e-01 5.831150860126219637e-01
1.676123446015675700e-01 5.831150860126219637e-01
1.676089352550259592e-01 5.831150860126219637e-01
1.676055259084843485e-01 5.831150860126219637e-01
1.676021165619427100e-01 5.831116675402799876e-01
1.675987072154010993e-01 5.831116675402799876e-01
1.675952978688594885e-01 5.831082490679380115e-01
1.675918885223178778e-01 5.831082490679380115e-01
1.675918885223178778e-01 5.831048305955960354e-01
1.675884791757762393e-01 5.831014121232540592e-01
1.675850698292346286e-01 5.830979936509119721e-01
1.675816604826930178e-01 5.830979936509119721e-01
1.675782511361513794e-01 5.830979936509119721e-01
1.675748417896097686e-01 5.830979936509119721e-01
1.675714324430681579e-01 5.830979936509119721e-01
1.675680230965265194e-01 5.830979936509119721e-01
1.675646137499849087e-01 5.830979936509119721e-01
1.675612044034432979e-01 5.830945751785699960e-01
1.675577950569016872e-01 5.830945751785699960e-01
1.675543857103600487e-01 5.830911567062280199e-01
1.675509763638184380e-01 5.830911567062280199e-01
1.675475670172768272e-01 5.830911567062280199e-01
1.675441576707351887e-01 5.830911567062280199e-01
1.675407483241935780e-01 5.830911567062280199e-01
1.675373389776519673e-01 5.830911567062280199e-01
1.675339296311103288e-01 5.830945751785699960e-01
1.675339296311103288e-01 5.830979936509119721e-01
1.675373389776519673e-01 5.831014121232540592e-01
1.675407483241935780e-01 5.831048305955960354e-01
1.675441576707351887e-01 5.831048305955960354e-01
1.675475670172768272e-01 5.831082490679380115e-01
1.675509763638184380e-01 5.831116675402799876e-01
1.675543857103600487e-01 5.831150860126219637e-01
1.675577950569016872e-01 5.831150860126219637e-01
1.675612044034432979e-01 5.831185044849640509e-01
1.675646137499849087e-01 5.831185044849640509e-01
1.675680230965265194e-01 5.831219229573060270e-01
1.675680230965265194e-01 5.831253414296480031e-01
1.675680230965265194e-01 5.831287599019899792e-01
1.675680230965265194e-01 5.831321783743319553e-01
1.675680230965265194e-01 5.831355968466740425e-01
1.675714324430681579e-01 5.831390153190160186e-01
1.675748417896097686e-01 5.831424337913579947e-01
1.675782511361513794e-01 5.831424337913579947e-01
1.675816604826930178e-01 5.831424337913579947e-01
1.675850698292346286e-01 5.831390153190160186e-01
1.675884791757762393e-01 5.831390153190160186e-01
1.675918885223178778e-01 5.831424337913579947e-01
1.675918885223178778e-01 5.831458522636999708e-01
1.675918885223178778e-01 5.831492707360420580e-01
1.675918885223178778e-01 5.831526892083840341e-01
1.675884791757762393e-01 5.831561076807260102e-01
1.675884791757762393e-01 5.831595261530679863e-01
1.675884791757762393e-01 5.831629446254099625e-01
1.675918885223178778e-01 5.831663630977520496e-01
1.675952978688594885e-01 5.831697815700940257e-01
1.675987072154010993e-01 5.831732000424360018e-01
1.676021165619427100e-01 5.831732000424360018e-01
1.676055259084843485e-01 5.831697815700940257e-01
1.676089352550259592e-01 5.831663630977520496e-01
1.676123446015675700e-01 5.831663630977520496e-01
1.676123446015675700e-01 5.831697815700940257e-01
1.676123446015675700e-01 5.831732000424360018e-01
1.676123446015675700e-01 5.831766185147779780e-01
1.676123446015675700e-01 5.831800369871199541e-01
1.676089352550259592e-01 5.831800369871199541e-01
1.676055259084843485e-01 5.831834554594620412e-01
1.676055259084843485e-01 5.831868739318040173e-01
1.676021165619427100e-01 5.831902924041459935e-01
1.676055259084843485e-01 5.831937108764879696e-01
1.676055259084843485e-01 5.831971293488300567e-01
1.676089352550259592e-01 5.832005478211720328e-01
1.676089352550259592e-01 5.832039662935140090e-01
1.676123446015675700e-01 5.832073847658559851e-01
1.676157539481092085e-01 5.832108032381979612e-01
1.676191632946508192e-01 5.832142217105400483e-01
1.676191632946508192e-01 5.832176401828820245e-01
1.676191632946508192e-01 5.832210586552240006e-01
1.676191632946508192e-01 5.832244771275659767e-01
1.676191632946508192e-01 5.832278955999079528e-01
1.676191632946508192e-01 5.832313140722500400e-01
1.676191632946508192e-01 5.832347325445920161e-01
1.676225726411924299e-01 5.832381510169339922e-01
1.676225726411924299e-01 5.832415694892759683e-01
1.676225726411924299e-01 5.832449879616180555e-01
1.676259819877340684e-01 5.832484064339600316e-01
1.676259819877340684e-01 5.832518249063020077e-01
1.676259819877340684e-01 5.832552433786439838e-01
1.676259819877340684e-01 5.832586618509859600e-01
1.676293913342756792e-01 5.832620803233280471e-01
1.676293913342756792e-01 5.832654987956700232e-01
1.676259819877340684e-01 5.832689172680119993e-01
1.676259819877340684e-01 5.832723357403539755e-01
1.676259819877340684e-01 5.832757542126959516e-01
1.676259819877340684e-01 5.832791726850380387e-01
1.676293913342756792e-01 5.832825911573800148e-01
1.676293913342756792e-01 5.832860096297219910e-01
1.676328006808172899e-01 5.832894281020639671e-01
1.676328006808172899e-01 5.832928465744060542e-01
1.676328006808172899e-01 5.832962650467480303e-01
1.676328006808172899e-01 5.832996835190900065e-01
1.676362100273589284e-01 5.833031019914319826e-01
1.676362100273589284e-01 5.833065204637739587e-01
1.676328006808172899e-01 5.833099389361160458e-01
1.676328006808172899e-01 5.833133574084580220e-01
1.676328006808172899e-01 5.833167758807999981e-01
1.676293913342756792e-01 5.833167758807999981e-01
1.676259819877340684e-01 5.833167758807999981e-01
1.676225726411924299e-01 5.833133574084580220e-01
1.676225726411924299e-01 5.833099389361160458e-01
1.676191632946508192e-01 5.833065204637739587e-01
1.676191632946508192e-01 5.833031019914319826e-01
1.676157539481092085e-01 5.832996835190900065e-01
1.676157539481092085e-01 5.832962650467480303e-01
1.676157539481092085e-01 5.832928465744060542e-01
1.676157539481092085e-01 5.832894281020639671e-01
1.676157539481092085e-01 5.832860096297219910e-01
1.676157539481092085e-01 5.832825911573800148e-01
1.676157539481092085e-01 5.832791726850380387e-01
1.676191632946508192e-01 5.832757542126959516e-01
1.676191632946508192e-01 5.832723357403539755e-01
1.676191632946508192e-01 5.832689172680119993e-01
1.676191632946508192e-01 5.832654987956700232e-01
1.676157539481092085e-01 5.832620803233280471e-01
1.676157539481092085e-01 5.832586618509859600e-01
1.676123446015675700e-01 5.832552433786439838e-01
1.676089352550259592e-01 5.832518249063020077e-01
1.676089352550259592e-01 5.832484064339600316e-01
1.676055259084843485e-01 5.832449879616180555e-01
1.676055259084843485e-01 5.832415694892759683e-01
1.676021165619427100e-01 5.832381510169339922e-01
1.676021165619427100e-01 5.832347325445920161e-01
1.676021165619427100e-01 5.832313140722500400e-01
1.676021165619427100e-01 5.832278955999079528e-01
1.676055259084843485e-01 5.832244771275659767e-01
1.676055259084843485e-01 5.832210586552240006e-01
1.676021165619427100e-01 5.832176401828820245e-01
1.676021165619427100e-01 5.832142217105400483e-01
1.675987072154010993e-01 5.832108032381979612e-01
1.675952978688594885e-01 5.832073847658559851e-01
1.675918885223178778e-01 5.832039662935140090e-01
1.675884791757762393e-01 5.832005478211720328e-01
1.675850698292346286e-01 5.831971293488300567e-01
1.675850698292346286e-01 5.831937108764879696e-01
1.675850698292346286e-01 5.831902924041459935e-01
1.675816604826930178e-01 5.831868739318040173e-01
1.675816604826930178e-01 5.831834554594620412e-01
1.675782511361513794e-01 5.831800369871199541e-01
1.675748417896097686e-01 5.831766185147779780e-01
1.675748417896097686e-01 5.831732000424360018e-01
1.675714324430681579e-01 5.831697815700940257e-01
1.675714324430681579e-01 5.831663630977520496e-01
1.675680230965265194e-01 5.831629446254099625e-01
1.675646137499849087e-01 5.831595261530679863e-01
1.675612044034432979e-01 5.831561076807260102e-01
1.675577950569016872e-01 5.831526892083840341e-01
1.675543857103600487e-01 5.831526892083840341e-01
1.675509763638184380e-01 5.831492707360420580e-01
1.675475670172768272e-01 5.831458522636999708e-01
1.675441576707351887e-01 5.831424337913579947e-01
1.675407483241935780e-01 5.831390153190160186e-01
1.675373389776519673e-01 5.831424337913579947e-01
1.675373389776519673e-01 5.831458522636999708e-01
1.675373389776519673e-01 5.831492707360420580e-01
1.675373389776519673e-01 5.831526892083840341e-01
1.675407483241935780e-01 5.831561076807260102e-01
1.675441576707351887e-01 5.831595261530679863e-01
1.675441576707351887e-01 5.831629446254099625e-01
1.675475670172768272e-01 5.831663630977520496e-01
1.675475670172768272e-01 5.831697815700940257e-01
1.675475670172768272e-01 5.831732000424360018e-01
1.675475670172768272e-01 5.831766185147779780e-01
1.675475670172768272e-01 5.831800369871199541e-01
1.675509763638184380e-01 5.831834554594620412e-01
1.675543857103600487e-01 5.831868739318040173e-01
1.675543857103600487e-01 5.831902924041459935e-01
1.675543857103600487e-01 5.831937108764879696e-01
1.675509763638184380e-01 5.831971293488300567e-01
1.675509763638184380e-01 5.832005478211720328e-01
1.675475670172768272e-01 5.832039662935140090e-01
1.675475670172768272e-01 5.832073847658559851e-01
1.675475670172768272e-01 5.832108032381979612e-01
1.675509763638184380e-01 5.832142217105400483e-01
1.675543857103600487e-01 5.832142217105400483e-01
1.675577950569016872e-01 5.832142217105400483e-01
1.675612044034432979e-01 5.832142217105400483e-01
1.675646137499849087e-01 5.832176401828820245e-01
1.675612044034432979e-01 5.832210586552240006e-01
1.675612044034432979e-01 5.832244771275659767e-01
1.675577950569016872e-01 5.832278955999079528e-01
1.675543857103600487e-01 5.832313140722500400e-01
1.675509763638184380e-01 5.832347325445920161e-01
1.675475670172768272e-01 5.832381510169339922e-01
1.675475670172768272e-01 5.832415694892759683e-01
1.675475670172768272e-01 5.832449879616180555e-01
1.675475670172768272e-01 5.832484064339600316e-01
1.675475670172768272e-01 5.832518249063020077e-01
1.675509763638184380e-01 5.832552433786439838e-01
1.675543857103600487e-01 5.832586618509859600e-01
1.675577950569016872e-01 5.832586618509859600e-01
1.675612044034432979e-01 5.832586618509859600e-01
1.675646137499849087e-01 5.832586618509859600e-01
1.675646137499849087e-01 5.832620803233280471e-01
1.675612044034432979e-01 5.832654987956700232e-01
1.675577950569016872e-01 5.832620803233280471e-01
1.675543857103600487e-01 5.832620803233280471e-01
1.675509763638184380e-01 5.832620803233280471e-01
1.675475670172768272e-01 5.832654987956700232e-01
1.675441576707351887e-01 5.832689172680119993e-01
1.675441576707351887e-01 5.832723357403539755e-01
1.675441576707351887e-01 5.832757542126959516e-01
1.675441576707351887e-01 5.832791726850380387e-01
1.675441576707351887e-01 5.832825911573800148e-01
1.675441576707351887e-01 5.832860096297219910e-01
1.675407483241935780e-01 5.832894281020639671e-01
1.675407483241935780e-01 5.832928465744060542e-01
1.675407483241935780e-01 5.832962650467480303e-01
1.675407483241935780e-01 5.832996835190900065e-01
1.675373389776519673e-01 5.833031019914319826e-01
1.675339296311103288e-01 5.833065204637739587e-01
1.675339296311103288e-01 5.833099389361160458e-01
1.675339296311103288e-01 5.833133574084580220e-01
1.675339296311103288e-01 5.833167758807999981e-01
1.675339296311103288e-01 5.833201943531419742e-01
1.675339296311103288e-01 5.833236128254839503e-01
1.675339296311103288e-01 5.833270312978260375e-01
1.675339296311103288e-01 5.833304497701680136e-01
1.675339296311103288e-01 5.833338682425099897e-01
1.675305202845687180e-01 5.833372867148519658e-01
1.675271109380271073e-01 5.833407051871940530e-01
1.675237015914854688e-01 5.833372867148519658e-01
1.675202922449438581e-01 5.833338682425099897e-01
1.675202922449438581e-01 5.833304497701680136e-01
1.675202922449438581e-01 5.833270312978260375e-01
1.675202922449438581e-01 5.833236128254839503e-01
1.675202922449438581e-01 5.833201943531419742e-01
1.675202922449438581e-01 5.833167758807999981e-01
1.675202922449438581e-01 5.833133574084580220e-01
1.675237015914854688e-01 5.833099389361160458e-01
1.675237015914854688e-01 5.833065204637739587e-01
1.675271109380271073e-01 5.833065204637739587e-01
1.675305202845687180e-01 5.833031019914319826e-01
1.675339296311103288e-01 5.832996835190900065e-01
1.675339296311103288e-01 5.832962650467480303e-01
1.675339296311103288e-01 5.832928465744060542e-01
1.675339296311103288e-01 5.832894281020639671e-01
1.675339296311103288e-01 5.832860096297219910e-01
1.675305202845687180e-01 5.832825911573800148e-01
1.675305202845687180e-01 5.832791726850380387e-01
1.675305202845687180e-01 5.832757542126959516e-01
1.675305202845687180e-01 5.832723357403539755e-01
1.675305202845687180e-01 5.832689172680119993e-01
1.675305202845687180e-01 5.832654987956700232e-01
1.675339296311103288e-01 5.832620803233280471e-01
1.675339296311103288e-01 5.832586618509859600e-01
1.675373389776519673e-01 5.832552433786439838e-01
1.675339296311103288e-01 5.832518249063020077e-01
1.675339296311103288e-01 5.832484064339600316e-01
1.675339296311103288e-01 5.832449879616180555e-01
1.675339296311103288e-01 5.832415694892759683e-01
1.675305202845687180e-01 5.832381510169339922e-01
1.675305202845687180e-01 5.832347325445920161e-01
1.675305202845687180e-01 5.832313140722500400e-01
1.675305202845687180e-01 5.832278955999079528e-01
1.675339296311103288e-01 5.832244771275659767e-01
1.675339296311103288e-01 5.832210586552240006e-01
1.675339296311103288e-01 5.832176401828820245e-01
1.675339296311103288e-01 5.832142217105400483e-01
1.675305202845687180e-01 5.832108032381979612e-01
1.675305202845687180e-01 5.832073847658559851e-01
1.675305202845687180e-01 5.832039662935140090e-01
1.675271109380271073e-01 5.832005478211720328e-01
1.675271109380271073e-01 5.831971293488300567e-01
1.675271109380271073e-01 5.831937108764879696e-01
1.675237015914854688e-01 5.831902924041459935e-01
1.675202922449438581e-01 5.831868739318040173e-01
1.675168828984022473e-01 5.831868739318040173e-01
1.675134735518606366e-01 5.831902924041459935e-01
1.675134735518606366e-01 5.831937108764879696e-01
1.675100642053189981e-01 5.831971293488300567e-01
1.675100642053189981e-01 5.832005478211720328e-01
1.675100642053189981e-01 5.832039662935140090e-01
1.675100642053189981e-01 5.832073847658559851e-01
1.675100642053189981e-01 5.832108032381979612e-01
1.675100642053189981e-01 5.832142217105400483e-01
1.675066548587773874e-01 5.832176401828820245e-01
1.675032455122357766e-01 5.832210586552240006e-01
1.674998361656941381e-01 5.832244771275659767e-01
1.674998361656941381e-01 5.832278955999079528e-01
1.674998361656941381e-01 5.832313140722500400e-01
1.675032455122357766e-01 5.832347325445920161e-01
1.675032455122357766e-01 5.832381510169339922e-01
1.675032455122357766e-01 5.832415694892759683e-01
1.674998361656941381e-01 5.832449879616180555e-01
1.674964268191525274e-01 5.832449879616180555e-01
1.674930174726109167e-01 5.832449879616180555e-01
1.674896081260692782e-01 5.832484064339600316e-01
1.674861987795276674e-01 5.832518249063020077e-01
1.674861987795276674e-01 5.832552433786439838e-01
1.674861987795276674e-01 5.832586618509859600e-01
1.674861987795276674e-01 5.832620803233280471e-01
1.674896081260692782e-01 5.832654987956700232e-01
1.674930174726109167e-01 5.832689172680119993e-01
1.674930174726109167e-01 5.832723357403539755e-01
1.674896081260692782e-01 5.832757542126959516e-01
1.674861987795276674e-01 5.832757542126959516e-01
1.674827894329860567e-01 5.832757542126959516e-01
1.674793800864444182e-01 5.832757542126959516e-01
1.674759707399028075e-01 5.832757542126959516e-01
1.674725613933611967e-01 5.832791726850380387e-01
1.674691520468195860e-01 5.832825911573800148e-01
1.674691520468195860e-01 5.832860096297219910e-01
1.674657427002779475e-01 5.832894281020639671e-01
1.674657427002779475e-01 5.832928465744060542e-01
1.674657427002779475e-01 5.832962650467480303e-01
1.674657427002779475e-01 5.832996835190900065e-01
1.674623333537363368e-01 5.832996835190900065e-01
1.674589240071947260e-01 5.833031019914319826e-01
1.674555146606530875e-01 5.833031019914319826e-01
1.674521053141114768e-01 5.833065204637739587e-01
1.674486959675698661e-01 5.833099389361160458e-01
1.674452866210282276e-01 5.833133574084580220e-01
1.674418772744866168e-01 5.833167758807999981e-01
1.674418772744866168e-01 5.833201943531419742e-01
1.674384679279450061e-01 5.833236128254839503e-01
1.674350585814033954e-01 5.833270312978260375e-01
1.674316492348617569e-01 5.833304497701680136e-01
1.674282398883201461e-01 5.833338682425099897e-01
1.674248305417785354e-01 5.833338682425099897e-01
1.674214211952368969e-01 5.833338682425099897e-01
1.674180118486952862e-01 5.833372867148519658e-01
1.674146025021536754e-01 5.833407051871940530e-01
1.674146025021536754e-01 5.833441236595360291e-01
1.674111931556120370e-01 5.833475421318780052e-01
1.674077838090704262e-01 5.833509606042199813e-01
1.674043744625288155e-01 5.833543790765619574e-01
1.674009651159871770e-01 5.833577975489040446e-01
1.673975557694455663e-01 5.833577975489040446e-01
1.673941464229039555e-01 5.833612160212460207e-01
