-0.23477977925864113, -0.0035949555731900297, 0.0, 0.0009363953378714, 0.6475713432656081, -0.0046193681909434325, 0.0, -0.00017140673717387067
-0.23743833949395976, -0.0007857695595758299, 0.0028091860136142, -0.0025551285011020737, 0.6427805683374908, -0.0051335884024650445, -0.000514220211521612, 0.0013893420112156957
-0.23797005154102346, -0.0028327830356536516, -0.004856199489692022, 0.0023718620547084133, 0.6385221017347198, -0.001994002791861181, 0.003653805822125475, -0.0016598030302642935
-0.24328717201166072, -0.005429595850912456, 0.002259386674433218, -0.001615199247094208, 0.6385221017347198, 0.00033419976159688785, -0.0013256032686674054, -7.321314362216725e-05
-0.24807258043523417, -0.005756420243328643, -0.0025862110668494055, 0.0030255108395407884, 0.6374574850840271, -0.0025366462066044246, -0.0015452426995339072, 0.0024849639300991936
-0.25338970090587143, -0.001852309858405089, 0.00649032145177296, -0.004106299546304167, 0.635860560107988, 0.0018277601846253431, 0.005909649090763674, -0.0024143260219253713
-0.2528579888588077, -0.0011905655937716696, -0.00582857718713954, 0.0027654464044014684, 0.6411836433614516, 0.006404080300376576, -0.0013333289750124403, -0.0008122847225931759
-0.25711168523531747, -0.004551380754846345, 0.0024677620260648648, -0.0011066535536009643, 0.6454421099642226, 0.0013005681825721685, -0.0037701831427919682, 0.0008726899841806617
-0.2603019575176999, -0.002935817363519509, -0.0008521986347380285, 0.0016611678100027225, 0.6438451849881834, -0.0036217281504697827, -0.001152113190249983, -1.6933587397537303e-05
-0.2624288057059547, 0.00034328879701260215, 0.0041313047952701385, -0.003411169498155333, 0.6390544100600661, -0.005976755293162361, -0.001202913952442595, 0.0018565859921413103
-0.2613653816118273, -0.00162761010691312, -0.0061022036991958606, 0.0024126933354717208, 0.6337313268066025, -0.002812825221623619, 0.004366844023981336, -0.0015540188023577166
-0.2666825020824646, -0.006593937498889679, 0.001135876307219301, 0.0001409407210331739, 0.6337313268066025, 0.0012588064192659027, -0.0002952123830918141, -0.0009635940361740885
-0.2719996225531018, -0.0038993627213515553, 0.0015586984703188228, -0.0008496080313496012, 0.6337313268066025, -0.0022224004554399915, -0.00318599449161408, 0.0022145449949759065
-0.2751898948354841, -0.0033307898747627135, -0.0009901256237299805, 6.721912198289711e-05, 0.6305374768545243, -0.0019507544537404318, 0.003457640493313639, -0.0020391943649196603
-0.2794435912119939, -0.005109383756273983, -0.0007884682577812892, 0.0005807315434180124, 0.6300051685291779, -0.0011530565618721347, -0.002659942601445342, 0.0016837658619319965
-0.2847607116826312, -0.004944125641582524, 0.0009537263724727481, 0.0008001269867274423, 0.6278759352277924, -0.0014216441789668289, 0.0023913549843506475, 9.490584530897734e-05
-0.2879509839650135, -0.0006362919364547009, 0.003354107332655075, -0.001654391302072911, 0.6289405518784852, 0.0036457833256613977, 0.0026760725202775795, -0.0009987725924753318
-0.28688755987088604, 0.0011087488226367162, -0.001609066573563658, -0.0005631063432005213, 0.6342636351319488, 0.006001610588790561, -0.0003202452571484162, -0.0008905904035248417
-0.2879509839650135, -0.0037987033540921636, -0.0032983856031652222, 0.001779968486620126, 0.6390544100600661, 0.002689348863919204, -0.0029920164677229412, 0.0024319009051892177
-0.29326810443565077, -0.00505556910056223, 0.0020415198566951557, -0.00017622303851525935, 0.6411836433614516, 0.0040010186440409745, 0.004303686247844712, -0.004046238289114726
-0.2964583767180331, -0.001501198502717697, 0.0015128507411493776, -0.0016067883796228475, 0.6454421099642226, 0.00046967627238621995, -0.007835028619499465, 0.003106885744342284
-0.29805351285922427, -0.0032958621592874848, -0.003307514397719165, 0.002349680180496853, 0.6411836433614516, -0.005879723733585857, 0.0014856286135273874, -0.00039667980805883283
-0.30230720923573406, -0.0028618504132352563, 0.0037415261437713935, -0.000879675730536137, 0.6363928684333343, -0.004098505930707581, 0.0002955891893508889, -0.0004555498614142683
-0.30230720923573406, 0.0019821746826991196, 0.0011024989521629827, -0.00042611339954347235, 0.6321344018305634, -0.004873977136248609, -0.001071060394891916, 0.0006219542776768793
-0.29964864900041543, 0.002908832388394668, -0.00017584124646743428, -0.0016695670477997707, 0.6268113185770997, -0.005150235093001803, 0.0007948024381387216, 0.000629274377438463
-0.29858522490628797, -0.0024515512479395133, -0.005184542389866747, 0.0023189731671689998, 0.6230851602996751, -0.0016728070844089706, 0.0026826255704541107, -0.00100981848604514
-0.30390234537692523, -0.005863716526166007, 0.001772377111640253, -0.0006940690090477463, 0.6230851602996751, 0.0006629885983638309, -0.0003468298876813092, -0.0008484670360288639
-0.30868775380049873, -0.00440116933002874, -0.00030982991550298626, 0.0004573028690219299, 0.6225528519743287, -0.0025760722850853793, -0.0028922309957679013, 0.0022744533287751157
-0.31294145017700853, -0.003648920553968923, 0.0010620786915628035, -0.0011351424670399176, 0.6193590020222506, -0.0015371742902958348, 0.003931128990557446, -0.000797029724222584
-0.31666343450645457, -0.004930190571963069, -0.0023433487095569495, 0.0024881308579464624, 0.6209559269982896, 0.0039339945181513045, 0.001540039817889694, -0.0028124927093090657
-0.3214488429300281, -0.0021524954172375804, 0.005121043864282439, -0.002968548447044858, 0.6236174686250215, -0.001423403973996503, -0.006897438310037502, 0.002997759030570249
-0.3214488429300281, -0.0008160530298072779, -0.0037846014768521358, 0.000878670177213376, 0.6182943853715578, -0.00622500350236076, 0.0020958387816732444, 0.0009353147686093516
-0.32517082725947416, -0.005749245451871421, -0.0011485909452120077, 0.001580715926446169, 0.6151005354194796, 0.000772618366813782, 0.0049017830875012994, -0.004077476478275943
-0.3304879477301114, -0.0033042795629569296, 0.003593556834126499, -0.00241612545942444, 0.6166974603955188, -0.001656244893011449, -0.007330646347326531, 0.004196116312220677
-0.3326147959183663, -0.0033655422729772515, -0.0036548195441468215, 0.0017032413464868129, 0.6119066854674015, -0.0037291886510024794, 0.0052577025893355, -0.0025931305890258163
-0.33793191638900355, -0.005565457321810455, 0.0014549044953136175, -0.0012065676441403667, 0.6108420688167087, -0.0009931752394089289, -0.002521689177741949, 0.000853322790419055
-0.34324903685964075, -0.006275351263604321, -0.0021647984371074825, 0.0031230292300745434, 0.6081805271899768, -0.0034765852236356616, 3.8279193515216225e-05, 0.0018413810540813074
-0.348566157330278, -0.0012358604475956568, 0.007204289253116147, -0.0033098685702018607, 0.6065836022139377, 0.002124116325638693, 0.005562422355759138, -0.002363455427934075
-0.3459075970949594, 0.0032431123480310556, -0.0027253164574894346, 0.0010773402506495456, 0.6119066854674015, 0.006158594753354745, -0.0015279439280430865, 0.000692432428151987
-0.3443124609537682, 0.0010245001850008235, 0.0005067042944592022, -0.0015312044794600257, 0.6172297687208651, 0.005180004181724532, 0.0005493533564128744, -0.00040627428467376187
-0.3443124609537682, -0.002555704664460849, -0.004086909143920875, 0.0029206294789356304, 0.6225528519743287, 0.005059888040528996, -0.0006694694976084111, 0.0004003563851967178
-0.3480344452832143, -0.0019676345154957062, 0.004674979292886017, -0.0032390568244540143, 0.627343626902446, 0.004922018200902327, 0.0005315996579817424, -0.0011951512561131092
-0.348566157330278, -0.0023348464030857156, -0.005042191180476026, 0.0020599171129244815, 0.631602093505217, 0.0023997637485264844, -0.0030538541103575854, 0.0011863986871774434
-0.3538832778009153, -0.006239477425264322, 0.001137560158297419, -0.00021520320367030067, 0.6321344018305634, -0.00014874841065635634, 0.0005053419511747445, 0.00017571478482795414
-0.3592003982715525, -0.0046099667196803865, 0.0004919505472865169, 0.00039603184294777693, 0.6326667101559097, 0.001389079846176995, 0.001032486305658607, 0.0002399754748963316
-0.36292238260099857, -0.002437970096264022, 0.0016800460761298476, -0.0013689241681206958, 0.6353282517826416, 0.004173978882183203, 0.0017524127303476017, -0.0016679250097599559
-0.36504923078925344, -0.003184650448366415, -0.00242672642823224, 0.001889392547152562, 0.6395867183854125, 0.0026750293135985393, -0.003251362298932266, 4.402465998738376e-05
-0.36877121511869954, -0.002369925663373209, 0.0032414512132254458, -0.0014032375969159404, 0.6390544100600661, -0.003695621304303841, -0.0031192883189701147, 0.0014918263698103101
-0.36930292716576324, -9.673602767013869e-05, -0.0009682615775223754, 1.5735110650510033e-06, 0.6337313268066025, -0.005458718832813139, 0.0013561907904608161, -0.0006882468857649796
-0.3703663512598907, -0.0020285386495197365, -0.0009635410443272224, -0.00019819258853537487, 0.6289405518784852, -0.004811077909186446, -0.0007085498668341225, 0.0007288528479032656
-0.37355662354227304, -0.004550198503780306, -0.001558118809933347, 0.00238633298426756, 0.6241497769503679, -0.004041619099144894, 0.001478008676875674, -0.0006302395298090555
-0.37727860787171913, -0.0005074371708443195, 0.005600880142869333, -0.002966594783770087, 0.6209559269982896, -0.002976320334820713, -0.00041270991255149236, -0.0003371280300523021
-0.3751517596834642, 0.0017945387635840847, -0.0032989042084409287, 0.002036077491920548, 0.6172297687208651, -0.004813124250080604, -0.0014240940027083985, 0.000914134999325357
-0.3746200476364005, 0.0013049628224638709, 0.0028093282673207144, -0.0009240188074022514, 0.6119066854674015, -0.004918907257521329, 0.0013183109952676728, -0.000657870340517304
-0.37142977535401817, 0.004151562934898545, 3.727184511396022e-05, 0.0005965736435610505, 0.6076482188646305, -0.004255896288537895, -0.0006553000262842392, 0.0011850380373975165
-0.3666443669304446, 0.006015827555809618, 0.0018269927757971116, -0.0025256998609695246, 0.6039220605872059, -0.0020113822289138236, 0.0028998140859083105, -0.0019530485076871714
-0.3613272464598074, 0.002092713524495267, -0.005750106807111462, 0.0015305450943613244, 0.6028574439365132, -0.0020708995801587164, -0.0029593314371532033, 0.001836381065233755
-0.3634540946480623, -0.004815864806643685, -0.0011584715240274893, 0.0006572158600339136, 0.599663593984435, -0.002480419258763858, 0.0025498117585480615, -0.0016663174758233413
-0.36877121511869954, -0.005161160274596922, 0.0008131760560742515, -0.00043742420505082994, 0.5980666690083959, -0.002379748169137759, -0.002449140668921962, 0.0021673472113278983
-0.37355662354227304, -0.004847080777600909, -0.0004990965590782384, 0.000560768913105647, 0.5954051273816641, -0.000775987872997988, 0.004052900965061733, -0.003276913092063745
-0.37834203196584654, -0.004162967156440445, 0.0011832101802387025, -0.0007422273532443506, 0.5954051273816641, -0.002500925219065756, -0.005777838311129501, 0.004552605252770639
-0.38206401629529263, -0.0040232288556960915, -0.0010434718794943491, 0.0008130043586806439, 0.5916789691042394, -0.00039878608301284, 0.007879977447182416, -0.004819649737437753
-0.3863177126718024, -0.003671159538642858, 0.0013955411965475824, -0.00038294189322335415, 0.5943405107309713, 0.0009022195990387319, -0.006578971765130843, 0.002482902214013946
-0.38897627290712106, -0.002028902825217756, 0.00024671551687751995, -0.00034466087991463475, 0.5911466607788931, -0.004807017289181116, 0.0008697348769109946, 0.0002111241348455033
-0.3911031210953759, -0.0025694544312066204, -0.0007872671228663843, -0.0003652627753730886, 0.5874205025014685, -0.002434175130822617, 0.0015031072814475045, -0.0011981654520103677
-0.394825105424822, -0.005239777003058655, -0.00188305544898565, 0.0018057119814071005, 0.585291269200083, -0.003022456923958712, -0.0020913890745835988, 0.002452304371810488
-0.4001422258954592, -0.0035887519568086534, 0.0035340804952356513, -0.0015404646796181645, 0.5826297275733512, 0.0001516780423055546, 0.005265524040847865, -0.0016910438057288009
-0.4017373620366504, -0.001141985005191844, -0.001087313543618842, -0.000429261686507944, 0.5863558858507758, 0.005609594706814882, 0.00019239262366146264, -0.0010112124023590413
-0.404395922271969, -0.004604397151953359, -0.002375098603142674, 0.0016623752844587738, 0.5911466607788931, 0.0029607427470606826, -0.0028412445834156614, 0.0009451184870476634
-0.4097130427426063, -0.0043674685048623865, 0.002612027250233647, -0.0009031189806898346, 0.5922112774295858, 0.00011360904137234997, -5.889122272671396e-06, -0.0011723365697923632
-0.41237160297792486, -0.001852770946464597, -9.73296918358571e-05, 0.0008866765441729909, 0.5911466607788931, -0.0034151789125500824, -0.003522898831649761, 0.0016149944907361982
-0.4134350270720523, 0.000612599302382662, 0.002562699940683116, -0.001048451054810907, 0.5858235775254295, -0.0056159931036410095, 0.0013220846405588337, -0.000496866465035127
-0.41130817888379745, 0.002592646019316173, -0.0005826532237496052, -0.0014782807485028083, 0.5810328025973122, -0.004462423217628723, -0.00016851475454654746, 0.0003724713694043102
-0.4107764668367337, -0.003007502673691462, -0.00501749546925803, 0.0027078776723122324, 0.5767743359945412, -0.0036820386185088877, 0.0009488993536663831, 0.0006039059634570246
-0.41609358730737095, -0.0049188605952708245, 0.0031061375476786664, -0.001377549234790175, 0.5746451026931557, 2.7477979194951683e-05, 0.002760617244037457, -0.0027880952232324087
-0.4192838595897533, -0.0028392332042840173, -0.0010265101566918583, 0.0006754710785935417, 0.5746451026931557, -0.0028155732024273605, -0.005603668425659769, 0.004160775025316169
-0.4224741318721356, -0.002865840281887109, 0.0009999030790887667, -0.0013243350795839916, 0.5703866360903848, -0.0015405849777983928, 0.006878656650288736, -0.0026765300457585206
-0.42566440415451795, -0.00483903936246155, -0.0029731021596632085, 0.0024950210514874988, 0.5730481777171166, 0.004187138185503517, -0.0011509334869868265, -0.0014392797224775527
-0.4309815246251552, -0.00330018052732547, 0.004511960994799289, -0.0017434925145375223, 0.5746451026931557, -0.002432567955902794, -0.005468772654419485, 0.0025782573568586334
-0.4315132366722189, 0.0004932639186605401, -0.0007185165488132787, -0.0008381714639747248, 0.5693220194396921, -0.005635341194165864, 0.0022659994161564156, -0.0008891248247615123
-0.4325766607663464, -0.0034582835708901914, -0.003233030940737453, 0.0013741940409903843, 0.5650635528369211, -0.0037707168361375697, -0.00040137505812812117, 0.0015105502675338684
-0.43789378123698364, -0.005801763329393944, 0.0008895511822337001, 0.0006585157706504472, 0.5624020112101893, -4.1816149792207034e-05, 0.004130275744473484, -0.0035561512693349346
-0.44214747761349343, -0.0020471136529752027, 0.002865098494185042, -0.002413120982401006, 0.5629343195355356, -0.002449718468850043, -0.0065381780635313195, 0.00419712160426406
-0.4437426137546846, -0.003556279611808137, -0.0043742644530179765, 0.0026134235941889087, 0.5581435446074183, -0.0029347097831205044, 0.0060531867492608585, -0.003650785291486696
-0.4490597342253218, -0.0044645377352773635, 0.00346600632954875, -0.0016600288295900165, 0.557611236282072, -0.0017806921590588758, -0.00489916912519923, 0.0024213946814871457
-0.45171829446064043, -0.002512611564949913, -0.0015140801592212992, 0.00030470739472511905, 0.553352769679301, -0.0043148463649959, 0.0023650149192622066, -0.0007117101809981292
-0.45544027879008653, -0.004626649699217154, -0.0005999579750459421, 0.00044119925068959574, 0.5506912280525692, -0.0017199470694658743, 0.00022988437626781896, -0.0006391706081874249
-0.46022568721366003, -0.004502967897240251, 0.000723639777022845, -0.00047436825629239065, 0.5485619947511837, -0.003177690141492511, -0.0016876274482944555, 0.0006068509870160059
-0.4644793835901698, -0.004478793112071733, -0.0006994649918543269, -0.00013886236671114462, 0.5443035281484128, -0.004732392077033404, 0.0001329255127535621, 0.00034099996150888166
-0.46979650406080703, -0.006294310195913821, -0.0011160520919877607, 0.002624953864328025, 0.5400450615456418, -0.0034435411669996347, 0.0011559253972802071, 0.0012229991190267431
-0.4745819124843806, -0.0006515527869052663, 0.006758809500996315, -0.002916984431708715, 0.5389804448949491, 0.002537306984641008, 0.004824922754360437, -0.002039146485537799
-0.47139164020199825, 0.004115112919961219, -0.0019921437941298288, 0.0005355911094872392, 0.5443035281484128, 0.006069713036748484, -0.0012925167022529611, 0.000545886918968123
-0.4687330799666796, 0.0017375986601632794, -0.00038537046566811117, 0.00024290794669599853, 0.5496266114018764, 0.00512234038914693, 0.00034514405465140805, -0.00014440119033469308
-0.46713794382548846, 0.0016955815689150527, 0.0003433533744198844, -0.00044379880214377027, 0.55494969465534, 0.005379424927445667, -8.805951635267117e-05, 3.171784237076028e-05
-0.4655428076842973, 0.0010508919113235108, -0.0009880430320114264, -6.284887931208441e-05, 0.5602727779088038, 0.005298459421852606, 7.094010759609675e-06, 1.752982085142991e-05
-0.4655428076842973, -0.0011137407906355952, -0.0011765896699476796, 0.0012269063664558672, 0.5655958611622675, 0.005365236905926114, 5.9683473313899404e-05, -0.0001018371257763689
-0.4666062317784247, 0.00021379896883664748, 0.0025041294294199223, -0.002186216351192866, 0.5709189444157311, 0.005179092475224807, -0.0002458279040152073, -0.00014248964309229666
-0.466074519731361, -0.0013365912259021059, -0.004054519624158676, 0.0022008385676784478, 0.5757097193438484, 0.004259967737917502, -0.0006732968332920973, 0.0006717956981455558
-0.4692647920137433, -0.002843114771184114, 0.0025479960788766676, -0.0007683054018200165, 0.5799681859466194, 0.004928761165769974, 0.0013420902611445697, -0.000947768173450899
-0.4703282161078708, -5.203881889082854e-05, 0.0002430798734166179, -0.0012544651486532524, 0.585291269200083, 0.004769637167706417, -0.0015012142592081275, -7.457295642001325e-05
-0.47139164020199825, -0.003329274518017351, -0.0035203155725431396, 0.00206418166698699, 0.5884851191521613, 0.001543489780030122, -0.0017249331284681672, 0.0012460599991307296
-0.47617704862557175, -0.004177360662142661, 0.0026722294284178298, -0.002216853095721207, 0.589549735802854, 0.0018318035204859767, 0.002013246868924022, -0.0006512004373318336
-0.4798990329550178, -0.005483461092470621, -0.003978329858745791, 0.004144670480579152, 0.5927435857549321, 0.00390469594633852, 5.964555692852119e-05, 0.0002941250995039197
-0.48521615342565505, -0.001006109368224746, 0.008455681582991665, -0.0047910119794482885, 0.5970020523577031, 0.004906362358707322, 0.0009420208554402804, -0.0005252999606838454
-0.4825575931903364, 0.001532217859413717, -0.005917354355353201, 0.0017265762606208542, 0.6023251356111669, 0.005214504187536346, -0.0006338790266112558, -0.0008544668835005829
-0.48521615342565505, -0.005122762069430123, -0.0007376255734906389, 0.0010749792193472613, 0.6060512938885914, 0.0013833454838120857, -0.0031972796771130045, 0.00021700921726189171
-0.49000156184922855, -0.0033730755583696167, 0.0024873120845511454, -0.0017727967615001584, 0.6044543689125523, -0.004360186218628248, -0.0025462520253273294, 0.002647971641184617
-0.4926601220845472, -0.0037168416737678018, -0.00283107819994933, 0.0012307994030798716, 0.6001959023097814, -0.0015087753457290556, 0.005397662898226521, -0.0022919625764584385
-0.49797724255518444, -0.005686599864426847, 0.000861320009290285, 3.987143156306132e-05, 0.6017928272858204, 0.0024106627213486714, -0.0014782248311487939, 0.00013217876049291785
-0.5027626509787579, -0.003844345551157093, 0.000980934303979469, -0.0008585730822684134, 0.6028574439365132, -0.00014925065947016253, -0.0010816885496700403, 0.0006986308837938606
-0.506484635308204, -0.004458196190003395, -0.0015947849428257714, 0.0007358606621919067, 0.6023251356111669, -0.0002167351074286616, 0.0010142041017115412, -0.0007974689942828796
-0.5118017557788412, -0.005440184089079218, 0.0006127970437499488, -0.0004897334253079908, 0.6023251356111669, -0.000580733886854218, -0.0013782028811370976, -0.0001702965333941648
-0.5171188762494785, -0.005683790277503293, -0.0008564032321740238, 0.0012230730390400566, 0.6001959023097814, -0.003848029249310907, -0.001889092481319592, 0.0025432717785522237
-0.5224359967201158, -0.0037273776247311705, 0.002812815884946146, -0.0006805744014060866, 0.5970020523577031, 3.601123706578613e-06, 0.005740722854337079, -0.002018165700619039
-0.5240311328613069, -0.00014346905905713876, 0.0007710926807278859, -0.001159335668734451, 0.6007282106351277, 0.005430549730523619, -0.00031377424752003865, 0.00020630777046006497
-0.5245628449083706, -0.00207929070380472, -0.002706914325475467, 0.001064220699834149, 0.6060512938885914, 0.005421924546863736, 0.00030514906386015626, -0.00093629868260659
-0.5282848292378166, -0.004300457255253206, 0.00048574777402698055, -0.00043898689528362674, 0.6108420688167087, 0.003223326626764279, -0.0025037469839596137, 0.00034503700788813017
-0.5325385256143265, -0.004645922393050126, -0.0008312129118238998, 0.00016001483423676516, 0.6119066854674015, -0.0007490563174905576, -0.0014686359602952232, 0.0016853839524393274
-0.5378556460849637, -0.005828303713987629, -0.00035116840911360433, 0.0019257757465914929, 0.611374377142055, 0.001369823619236978, 0.0035875158970227593, -0.0033604145402205995
-0.5421093424614735, -0.0007533132924403606, 0.005426158830660874, -0.0036094214440931054, 0.6129713021180941, -0.0015363882073793009, -0.006493727723639039, 0.0027070326775546945
-0.5410459183673461, -0.0007292599633979301, -0.005402105501618443, 0.003472805229697743, 0.6076482188646305, -0.006402745621993295, 0.0016273703090250449, -0.0005477079404953954
-0.5437044786026647, -0.0011150552775415863, 0.005016310187474786, -0.0017744067216782734, 0.6023251356111669, -0.004791128825429391, -1.5753512461141017e-05, 1.6107409773118022e-05
-0.5415776304144098, 0.0035943449323731654, -0.00030690997756003434, 0.0009662614216966104, 0.5975343606830494, -0.004774313621032319, 3.256871685821305e-05, 0.0010155866267495986
-0.5373239340379, 0.005879309242342928, 0.002591874287529797, -0.0031540630592354645, 0.5938082024056249, -0.0016624163070670973, 0.003079328597107009, -0.0024815289407327072
-0.5320068135672628, 0.0016008686396961277, -0.006870314890176598, 0.0026108860151618403, 0.5927435857549321, -0.0029483459350512007, -0.004365258225091113, 0.0019905209066786683
-0.5346653738025814, -0.004307103095171547, 0.0009623431553089229, 0.00015448765748029086, 0.5874205025014685, -0.005707299665197422, 0.0016063044949448917, -0.0006897797578647728
-0.5378556460849637, -0.0019189538121128292, 0.0014258061277497955, -0.0016337005038917815, 0.5826297275733512, -0.004564029948901957, -0.00046303477864942675, 0.000768598124780423
-0.5399824942732185, -0.003968443068288583, -0.003475295383925549, 0.00319004207570428, 0.5783712609705802, -0.003184305131859541, 0.0018427595956918422, -0.0013199960905641234
-0.5442361906497284, -0.0013489076090268427, 0.00609483084318729, -0.0031507870929692247, 0.5757097193438484, -0.003458774212168228, -0.002117228676000528, 0.0007852279600514527
-0.5426410545085372, 0.001388392798440063, -0.0033575304357203834, 0.0014374255902165056, 0.5709189444157311, -0.005337547684014926, 0.00023845520415383, -0.0002239907736025496
-0.543172766555601, -0.001014391302351187, 0.0009547463349291334, -0.001535491173769058, 0.5655958611622675, -0.005532609596514915, -0.0004335171166538187, 0.0017076601103977725
-0.5447679026967921, -0.0037113721538000934, -0.00365172718637804, 0.0020459788695408733, 0.5613373945594965, -0.0012766634986292346, 0.004689463214539499, -0.003412799715910264
-0.5500850231674294, -0.004876889917933553, 0.00248620942224458, 0.0007955443544978615, 0.5613373945594965, -0.0021361362172810303, -0.005548935933191293, 0.0028942972223550203
-0.5516801593086205, 0.0024821619900491916, 0.004872842485738165, -0.0020378840051502073, 0.5565466196313792, -0.004551116416598555, 0.003133955733873767, -0.000712072618660692
-0.5463630388379833, 0.006114194946074899, -0.0012408095297124567, -0.0006196890398525904, 0.5544173863299937, -0.0004194228048330971, 0.0009977378778916908, -0.0016429317237512786
-0.5421093424614735, 0.0017735087670922149, -0.003099876649270228, 0.0023897919763054207, 0.553352769679301, -0.003352742220303551, -0.003931057293362144, 0.00196071626020205
-0.5410459183673461, 0.0027431313974680205, 0.004069499279646034, -0.0036223583947317204, 0.5480296864258374, -0.00533270802642169, 0.0019510914872440058, -0.001409158388939619
-0.5378556460849637, 1.5054772564926985e-05, -0.006797575904549128, 0.004655672943729385, 0.5432389114977201, -0.005658000218752536, -0.0022763836795748516, 0.0026113006448636312
-0.5399824942732185, 0.0003869217946548282, 0.007169442926639028, -0.002770956297720411, 0.5379158282442563, -0.002376865643311346, 0.005557518255016041, -0.003180652611704695
-0.5351970858496451, 0.006412938754771651, -0.0011434259665222045, -0.00048410436467589095, 0.5379158282442563, -0.0008037869683933485, -0.003984439580098044, 0.0010620682710668849
-0.5304116774260715, 0.00267377372769957, -0.0025957390605498773, 0.002048813521105233, 0.5341896699668318, -0.005586461315388781, -0.000798234766897389, 0.0015939211541688674
-0.5282848292378166, 0.0036287361699155157, 0.0035507015027658228, -0.0018623172020441892, 0.5293988950387145, -0.002401167386676958, 0.003983528695609213, -0.0021146696342785967
-0.5229677087671795, 0.005143187569314593, -0.002036250103366745, 0.0011467589105618934, 0.5288665867133682, -0.0007781188982943234, -0.0023604802072265778, 0.0010093658041353097
-0.5187140123906697, 0.004510964094266783, 0.0014040266283189347, -0.0005978702519484575, 0.5267373534119826, -0.0024709819003415497, 0.0006676172051793514, 0.00020643971912317146
-0.5133968919200325, 0.00552540659505928, -0.0003895841275264376, 0.00018129800310441772, 0.5251404284359436, -0.0005164283326133326, 0.0012869363625488657, -0.0007705080299355332
-0.5080797714493952, 0.005290132349319658, 0.0001543098817868156, -0.00012732176046921346, 0.5251404284359436, -0.0002540796973222007, -0.0010245877272577336, 0.000746359099233592
-0.5027626509787579, 0.005216786831485649, -0.00022765539962082482, 0.00032798903877243616, 0.5246081201105972, -6.417785413689197e-05, 0.0012144895704430422, -8.569506561346555e-05
-0.4974455305081207, 0.005745443148561308, 0.0007563117166964837, -0.0011846343946205868, 0.5256727367612899, 0.0021077160899087956, 0.0009574043736026456, -0.0014681954874723035
-0.4921284100374835, 0.0037041633980925146, -0.0027975914671652764, -0.0003748598838634795, 0.527269661737329, -0.0003820616253028238, -0.003447182088814265, 0.001167702087385266
-0.4915966979904197, -0.0030155991878284757, -0.003922171118755715, 0.0016206498359469306, 0.5246081201105972, -0.0037733195407755557, 5.5924173341532834e-05, -8.762909990595345e-06
-0.496913818461057, -0.005997991917499113, 0.000939778389085077, -0.00025890694222322337, 0.5208819618331726, -0.003687759924064276, 2.96354433697468e-05, -6.803379673008896e-05
-0.5022309389316942, -0.00489515596599863, 0.00016305756241540692, -5.3310019990333414e-05, 0.517155803555748, -0.0038325904275150493, -0.00017446594682052005, 0.0002808980969110622
-0.5070163473552678, -0.004728970901138816, 3.1275024444066767e-06, 0.000472147022184668, 0.5134296452783235, -0.0033388280304229028, 0.0006682283439126666, -0.0005232502655679286
-0.5112700437317775, -0.0033062748296959986, 0.0014195685689984108, -0.001303566021684746, 0.5102357953262453, -0.0035721221393013557, -0.0009015224527911191, 0.0012797946400141987
-0.5144603160141599, -0.004377835756753415, -0.002491129496055827, 0.0020835568292357966, 0.507041945374167, -0.0015357831248409975, 0.002937861467251477, -0.002466694993103164
-0.5192457244377333, -0.0031094242611576788, 0.0037595409916515634, -0.002776964918748811, 0.5059773287234743, -0.003060145169647535, -0.004462223512058015, 0.0032639020789345893
-0.5213725726259882, -0.0039212370341009835, -0.0045713537645948685, 0.0031754703280585926, 0.5017188621207034, -0.0021928859569597956, 0.005329482724745754, -0.0031365967677859583
-0.5266896930966255, -0.003537533579114943, 0.004955057219580909, -0.0024809477345934844, 0.5017188621207034, -0.0009437108108261618, -0.00408030757861212, 0.0018301684373600614
-0.527753117190753, -0.0010702623437335785, -0.002487785984199544, 0.0008994880926146034, 0.49852501216862516, -0.0036138206559702176, 0.0014101977334680638, -0.0015225353549224087
-0.5304116774260715, -0.003347370034288856, 0.0002106782936442663, -5.358054173774396e-05, 0.4947988538912006, -0.005361031253801316, -0.003157408331299163, 0.003727664656983177
-0.5336019497084539, -0.0030867550722135555, 4.993666843103442e-05, -0.0006851659256636276, 0.4900080789630833, -0.000492853945450112, 0.008025585639650367, -0.0038065734167756922
-0.5373239340379, -0.0050423795123423695, -0.0020055611085598485, 0.0017308201502650687, 0.49373423724050786, 0.0041385970835235465, -0.003394134610676709, -0.00021215414750044037
-0.5426410545085372, -0.00386104127866686, 0.003186899342235358, 0.00014242988936768718, 0.49426654556585425, -0.003286134580331192, -0.00403059705317803, 0.0019936483800455213
-0.543172766555601, 0.002940047073906918, 0.0036141890103384196, -0.003363963801862893, 0.48894346231239055, -0.005366383546550689, 0.001950348086958533, -0.0008424311431787495
-0.5399824942732185, 7.653368899507903e-05, -0.006477702395250259, 0.002679184376809031, 0.48468499570961965, -0.003992980802169871, -0.0005769453425777154, 0.0008437678673229682
-0.5437044786026647, -0.004841317971078346, 0.001559850735176834, -0.0004405170935445259, 0.48095883743219503, -0.002615567885356397, 0.001954358259391189, -0.000935715350073874
-0.5474264629321107, -0.0030431677813582553, 0.00023829945454325628, -0.0003854039555673347, 0.47936191245615595, -0.0015139974167956414, -0.0008527877908304329, -0.0008270647444521464
-0.5506167352144931, -0.003722780738973747, -0.0009179124121587478, 0.0009187088216864571, 0.4761680625040777, -0.005700767231812945, -0.0033339820241868718, 0.003711666002536172
-0.5543387195439391, -0.002802479098231871, 0.0018382140529006235, -0.0011625831429236783, 0.4708449792506141, -0.0012337332725781726, 0.007801015983421645, -0.002841124433418909
-0.556465567732194, -0.00261380042120166, -0.001649535375870412, 0.0005413514676259234, 0.47457113752803864, 0.005844925394008389, -0.0007223573168350822, -0.0008641014744024023
-0.5601875520616402, -0.004288816770064714, -2.5480972992642057e-05, -0.0004711106805160891, 0.47882960413080955, 0.0018079063371310182, -0.003314661740042289, 0.002039063728257669
-0.5649729604852136, -0.005753110757598265, -0.0014388130145409094, 0.001874803301501915, 0.47936191245615595, 0.0012957740418194463, 0.002802529444730717, -0.0025013785105110803
-0.5702900809558509, -0.003006326882174339, 0.004185596889964835, -0.0017109820548542, 0.48095883743219503, -0.0006033026002523626, -0.004701606086802525, 0.0015787504096303245
-0.5708217930029146, 0.00023192073319273161, -0.0009473492745977646, 0.0007154285414050329, 0.47723267915477047, -0.005270263544966439, 3.464514208844854e-05, -8.746485058571043e-05
-0.5708217930029146, 0.00048350780821230155, 0.0011989363496173343, 0.0004444040304252906, 0.47190959590130677, -0.005463367812546673, -0.00022774940966868273, 0.0009003422940980529
-0.5686949448146597, 0.004214592598722842, 0.002532148440893206, -0.0019613326160426024, 0.46711882097318946, -0.0032178397495898794, 0.002473277472625476, -0.0013846710244210213
-0.5639095363910862, 0.003394891632381445, -0.0033518494072346016, -4.304222514684338e-05, 0.46498958767180404, -0.002425297877601991, -0.0016807356006375877, 0.0003798752008150158
-0.5639095363910862, -0.0034379338575282886, -0.0034809760826751317, 0.002133501516629975, 0.4612634293943795, -0.004647143476432119, -0.0005411099981925401, 0.0009297868718536983
-0.5686949448146597, -0.003999381472988627, 0.002919528467214793, -0.001578707229544796, 0.4570049627916085, -0.002940002857256104, 0.002248250617368555, -0.0019697893868442736
-0.5713535050499783, -0.0028964462271934294, -0.0018165932214195951, 0.000459343072103172, 0.4543434211648767, -0.004352869783051815, -0.0036611175431642664, 0.0037555207234451203
-0.5756072014264881, -0.005151603453723104, -0.00043856400511007925, 0.0008047590352597378, 0.45008495456210573, -0.00040854269904498555, 0.007605444627171096, -0.0045353603013942876
-0.5803926098500616, -0.003614454358164049, 0.001975713100669134, 0.0005753171633673962, 0.45274649618883755, 0.001196265651114344, -0.006000636277011766, 0.002142828999165599
-0.5814560339441891, 0.002062923333276408, 0.003701664590771323, -0.003106027688729101, 0.45008495456210573, -0.00437651990541239, 0.00042785072048503184, -0.0003097974178436023
-0.5787974737088705, 0.00014816944863174988, -0.00561641847541598, 0.0017462646973381922, 0.44582648795933477, -0.004450210717973134, -0.0005015415330457749, 0.0012255939735944011
-0.5825194580383165, -0.005845873410185633, -0.0003776243834014033, 0.0014380893700134806, 0.44210032968191026, -0.00177651186328148, 0.0031752403877374283, -0.0024633451751487436
-0.5873048664618901, -0.002286854066947998, 0.003936643726639038, -0.002181501706754744, 0.44103571303121747, -0.002816066613252855, -0.004214795137708803, 0.0022400868228443552
-0.5878365785089538, -0.0009580717339341533, -0.002607861393625193, 0.0009073728922407162, 0.43624493810310017, -0.0045253964201373955, 0.0025054653308242618, -0.0011739188627650312
-0.5904951387442724, -0.0034516758444623906, 0.00011425728309695575, 0.0001471462789831011, 0.433051088151022, -0.003036222346783965, -0.0010162912574708319, 0.00032635532683023444
-0.5936854110266547, -0.0027817224413191756, 0.000555696120046259, -0.0009642459611094171, 0.42932492987359744, -0.004089738881234925, -3.72252769801285e-05, -0.0006638107699023043
-0.5968756833090371, -0.004563068084554909, -0.002337041763281992, 0.0021147014242633446, 0.4245341549454801, -0.006155621744902095, -0.0020286575866870415, 0.0033935044034718344
-0.6016610917326106, -0.002893047338328859, 0.004007062509508042, -0.0016457272182428867, 0.4197433800173628, -3.2423707860674764e-05, 0.00815185562372846, -0.003328656987750483
-0.6021928037796743, 0.00018389602595856496, -0.0009301191452206178, 0.00021451107219834913, 0.4245341549454801, 0.006285316576344798, -0.001834115339522988, 0.0008718820166418906
-0.602724515826738, -0.0010328090478876235, -0.0002865859286255705, -0.0002757411646780285, 0.4298572381989438, 0.005232731947224494, 0.0007815307104026838, -0.0006911794041635326
-0.6043196519679292, -0.00243320439917285, -0.001113809422659656, 0.0008884535865139872, 0.4351803214524074, 0.004722255155539264, -0.0012920075020879142, 0.0008282189493196111
-0.6069782122032478, -0.0019954624849502006, 0.0015515513368823054, -0.0016829370401870308, 0.4394387880551784, 0.004622896999322269, 0.0011926493458709192, -0.0015570797424222828
-0.6091050603915027, -0.003941170931746683, -0.0034972597836787876, 0.0021213102447882105, 0.4436972546579493, 0.0023369564637972587, -0.003478589881395929, 0.002206250068291466
-0.61442218086214, -0.0045717597647396266, 0.0028666709506858443, -0.0014851834683285514, 0.4447618713086421, 0.0019985269058797983, 0.0031401603234784688, -0.001412528951933704
-0.6176124531445223, -0.003293968268353592, -0.0015888794542998099, 0.0011608633932073643, 0.44848802958606665, 0.004041260697035623, -0.0010974265323226435, -0.0013469091886738971
-0.6213344374739683, -0.0029891369973311186, 0.0018937107253222834, -0.001563133963309795, 0.45008495456210573, -0.002194319933631355, -0.005138154098344335, 0.0036063157545511274
-0.623992997709287, -0.0038911174366159365, -0.002795691164607101, 0.0013696881305857768, 0.44635879628468117, -0.0016516808666666438, 0.005680793165309047, -0.0034968039732960047
-0.6293101181799242, -0.005373435374072807, 0.00131337322715023, -0.0007253462766509796, 0.44689110461002757, -0.0007805064559365648, -0.004809618754578969, 0.0018639669330909152
-0.6340955266034978, -0.004922727749725285, -0.0008626656028027084, 0.0009999849289545483, 0.44316494633260295, -0.0048078431658217565, 0.0007822820446937771, 0.001896327819742499
-0.6388809350270712, -0.0036481041684670572, 0.0021372891840609363, -0.001679457297976213, 0.44103571303121747, 0.002445704382793295, 0.006471265503921274, -0.004126194958597266
-0.6420712073094536, -0.004411897694273823, -0.0029010827098677025, 0.001995859933504266, 0.44582648795933477, 0.0030096505148440454, -0.005907319371870523, 0.0023653605316801356
-0.6473883277800908, -0.00422648331349643, 0.0030864970906450953, -0.000986861965403591, 0.44529417963398843, -0.0017089066338565947, 0.0011887622231698835, -0.0016090888906987691
-0.6495151759683457, -0.0010140750284170126, 0.0001259111944343224, 0.0014198758810463942, 0.44316494633260295, -0.004158648859613135, -0.003638504448926424, 0.0024740700550759144
-0.648983463921282, 0.0034973750035908148, 0.004385538837573505, -0.0025657933705270594, 0.4378418630791393, -0.00401344759223824, 0.0037837057163013187, -0.0018994914254485587
-0.6436663434506448, 0.004571072567156645, -0.0033118412740076736, 0.00033590484804224986, 0.4357126297777538, -0.002144510435981279, -0.001914768560044357, 0.000333120718601073
-0.6420712073094536, -0.001044895436731952, -0.002304126729880924, 0.0017538860254216534, 0.43198647150032926, -0.004974685400266774, -0.0009154064042411381, 0.0005670085510442112
-0.6436663434506448, -0.0003914908202288397, 0.0029575313463840363, -0.002034328479091493, 0.42666338824686556, -0.005104472555616416, 0.0007856192488914955, -0.0004719216213923821
-0.6431346314035811, -0.0005794135647352455, -0.003145454090890442, 0.0021297315144345763, 0.42187261331874826, -0.004948998922010572, -0.0006301456152856507, 0.0007883696091789192
-0.6447297675447722, -0.00048112720321240136, 0.0032437404524132863, -0.0006357650609459587, 0.41708183839063095, -0.003844181325045115, 0.001734963212251107, -0.0005523235139378147
-0.6426029193565173, 0.004099058518776295, 0.00133644526957541, -0.001181807411841964, 0.41442029676389913, -0.002031225442356345, 7.799267043766278e-05, -0.0007083088548131404
-0.6383492229800075, 0.0032265268224012235, -0.002208976965950482, 0.0016410103788678885, 0.4117587551371673, -0.004000166665920441, -0.0020469338940017584, 0.0017886339571512382
-0.6356906627446889, 0.003731604027103925, 0.002714054170653183, -0.0011285377271198478, 0.40750028853439635, -0.0027281325824702416, 0.0033189679774519565, -0.0016554520456744549
-0.6303735422740516, 0.005774099187050748, -0.0006715590107063607, 0.00021458029429276227, 0.4064356718837036, -0.001056552764589693, -0.0016473881595714078, 0.0011070159481220184
-0.6250564218034145, 0.005074722048516313, -2.7818127828073793e-05, 0.00027021654994902094, 0.4048387469076645, -0.0010302812393664534, 0.0016736596847946475, -0.00011107012008185173
-0.6197393013327772, 0.005829735442707228, 0.000782831522018989, -0.001295446494088957, 0.40537105523301087, 0.0019838277699772864, 0.0013404493245490923, -0.0017273521184872406
-0.61442218086214, 0.003509059004478335, -0.0031035079602478822, 0.00012616100283325106, 0.40696798020905, -0.0005173299363862515, -0.0038416070309126296, 0.0011650870152206606
-0.6138904688150763, -0.0023194739075176763, -0.002725024951748129, 0.001322514529819768, 0.4037741302569718, -0.004705282952549529, -0.00034634598525064774, 0.0002608540096828737
-0.6176124531445223, -0.0038019802215546305, 0.0012425186377111746, -0.0006308106985388776, 0.3989833553288545, -0.004615412894002203, 0.0004362160437979733, -7.926975256673047e-05
-0.6208027254269046, -0.0032093750417489146, -0.0006499134579054581, 0.0006690162172720389, 0.3947248887260835, -0.003980790064106448, 0.00019840678609778188, 5.62250005841036e-05
-0.623992997709287, -0.002502153305743714, 0.0013571351939106583, -0.0009818300764218703, 0.39099873044865896, -0.003415301490158574, 0.0003670817878500927, -0.00014563024976973942
-0.6261198458975419, -0.002733373147188008, -0.0015883550353549525, 0.0005997438530969231, 0.38780488049658074, -0.0031180286637676065, -6.980896145912556e-05, 0.0005262959984949096
-0.6298418302269879, -0.004110851658607144, 0.00021087652393581686, 0.0007097028522889933, 0.3851433388698489, -0.001678758591201129, 0.001509079034025603, -0.0014272454188635564
-0.6330321025093703, -0.001559990053868531, 0.0023399850808027965, -0.0007799950269342655, 0.38354641389380983, -0.0029423367797405922, -0.002772657222565066, 0.0009242190741883554
